// Format: Node1 Node2 FuelRequired TimeTaken
0 1 4.5 1.2
1 2 4.2 1.1
0 2 8.5 2.2
2 3 4.0 1.0
1 3 8.1 2.1
3 4 4.6 1.3
0 3 9.5 2.5
4 5 4.1 1.0
2 4 8.2 2.0
5 6 4.4 1.2
3 5 8.6 2.1
6 7 4.5 1.2
4 6 8.3 2.2
7 8 4.3 1.1
5 7 8.5 2.1
3 6 9.8 2.6
8 9 4.1 1.0
6 8 8.6 2.2
9 10 4.5 1.2
7 9 8.4 2.1
6 9 9.6 2.5
10 11 4.2 1.1
8 10 8.5 2.1
11 12 4.6 1.3
9 11 8.7 2.2
12 13 4.3 1.1
10 12 8.5 2.1
13 14 4.5 1.2
11 13 8.6 2.2
10 13 9.4 2.5
14 15 4.3 1.1
12 14 8.7 2.2
15 16 4.4 1.2
13 15 8.5 2.1
16 17 4.2 1.0
14 16 8.6 2.2
13 16 9.5 2.6
17 18 4.6 1.3
15 17 8.4 2.1
18 19 4.1 1.0
16 18 8.5 2.1
19 20 4.5 1.2
17 19 8.3 2.0
16 19 9.6 2.5
20 21 4.3 1.1
18 20 8.6 2.2
21 22 4.6 1.3
19 21 8.7 2.2
22 23 4.1 1.0
20 22 8.5 2.1
19 22 9.8 2.6
23 24 4.4 1.1
21 23 8.6 2.2
24 25 4.5 1.2
22 24 8.3 2.0
25 26 4.2 1.0
23 25 8.7 2.2
26 27 4.6 1.3
24 26 8.5 2.1
23 26 9.4 2.5
27 28 4.1 1.0
25 27 8.6 2.2
28 29 4.5 1.2
26 28 8.4 2.1
29 30 4.3 1.1
27 29 8.5 2.1
26 29 9.7 2.6
30 31 4.4 1.2
28 30 8.6 2.2
31 32 4.3 1.1
29 31 8.5 2.1
32 33 4.6 1.3
30 32 8.4 2.1
29 32 9.5 2.5
33 34 4.1 1.0
31 33 8.6 2.2
34 35 4.5 1.2
32 34 8.5 2.1
35 36 4.2 1.1
33 35 8.7 2.2
32 35 9.8 2.6
36 37 4.6 1.3
34 36 8.5 2.1
37 38 4.3 1.1
35 37 8.6 2.2
38 39 4.4 1.2
36 38 8.4 2.1
35 38 9.4 2.5
39 40 4.1 1.0
37 39 8.5 2.1
40 41 4.5 1.2
38 40 8.3 2.0
41 42 4.0 1.0
39 41 8.4 2.1
38 41 9.6 2.6
42 43 4.6 1.3
40 42 8.3 2.0
43 44 4.2 1.1
41 43 8.6 2.2
44 45 4.5 1.2
42 44 8.5 2.1
41 44 9.7 2.6
45 46 4.1 1.0
43 45 8.4 2.1
46 47 4.4 1.2
44 46 8.5 2.1
47 48 4.3 1.1
45 47 8.3 2.0
44 47 9.5 2.5
48 49 4.2 1.1
46 48 8.5 2.1
47 49 8.3 2.0
10 14 9.5 2.5
20 24 9.8 2.6
30 34 9.6 2.5
40 44 9.7 2.6
5 9 9.3 2.4
15 19 9.5 2.5
25 29 9.8 2.7
35 39 9.6 2.6
45 49 9.4 2.4

// Format: NodeID Name PetrolPrice CoordX CoordY
0 Delhi 96.7 28.7 77.2
1 Jaipur INF 26.9 75.8
2 Agra 96.3 27.1 78.0
3 Gwalior 108.5 26.2 78.1
4 Jhansi 108.2 25.4 78.5
5 Bhopal 108.6 23.2 77.4
6 Indore 108.5 22.7 75.8
7 Ujjain 108.4 23.1 75.7
8 Kota 108.2 25.1 75.8
9 Udaipur INF 24.5 73.6
10 Ahmedabad 96.4 23.0 72.5
11 Vadodara 96.1 22.3 73.1
12 Surat 96.2 21.1 72.8
13 Mumbai 106.3 19.0 72.8
14 Pune 105.1 18.5 73.8
15 Nashik INF 19.9 73.7
16 Aurangabad 106.1 19.8 75.3
17 Nagpur 106.0 21.1 79.0
18 Raipur 102.4 21.2 81.6
19 Bilaspur 103.1 22.0 82.1
20 Rourkela 103.5 22.2 84.8
21 Ranchi 99.8 23.3 85.3
22 Jamshedpur INF 22.8 86.2
23 Kolkata 106.0 22.5 88.3
24 Kharagpur 105.8 22.3 87.3
25 Bhubaneswar 103.1 20.2 85.8
26 Cuttack 103.2 20.4 85.8
27 Visakhapatnam 110.4 17.6 83.2
28 Vijayawada 110.0 16.5 80.6
29 Hyderabad 109.6 17.3 78.4
30 Warangal 109.4 18.0 79.5
31 Kurnool INF 15.8 78.0
32 Anantapur 110.8 14.6 77.5
33 Bengaluru 101.9 12.9 77.5
34 Mysuru 101.5 12.2 76.6
35 Mangaluru 101.6 12.8 74.8
36 Hubballi 101.4 15.3 75.1
37 Belagavi 101.3 15.8 74.5
38 Panaji 97.4 15.4 73.8
39 Kochi 105.3 9.9 76.2
40 Thiruvananthapuram 107.1 8.5 76.9
41 Madurai INF 9.9 78.1
42 Coimbatore 102.5 11.0 76.9
43 Tiruchirappalli 102.6 10.8 78.6
44 Chennai 102.6 13.0 80.2
45 Tirupati 110.5 13.6 79.4
46 Nellore 110.1 14.4 79.9
47 Guntur 110.2 16.3 80.4
48 Rajahmundry 110.3 17.0 81.7
49 Kakinada 110.5 16.9 82.2